{"producer":{"name":"Blender","version":"2.90.1","exporter_version":"6.4.5","file":"male3.babylon"},
"autoClear":true,"clearColor":[0.0509,0.0509,0.0509],"gravity":[0,-9.81,0],
"materials":[],
"multiMaterials":[],
"skeletons":[{"name":"Chractar","id":0,"dimensionsAtRest":[184.2676,209.529,24.1922],"bones":[
{"name":"mixamorig:Hips","index":0,"matrix":[0.9937,-0.06,-0.095,0,0.0659,0.996,0.0597,0,-0.091,0.0656,-0.9937,0,0.431,107.8048,1.5341,1],"rest":[1,0,0,0,0,1,0,0,0,0,-1,0,-91.9087,108.9532,-0.7998,1],"parentBoneIndex":-1,"length":10.4698
,"animation":{"dataType":3,"framePerSecond":30,"keys":[
{"frame":1,"values":[0.9937,-0.06,-0.095,0,0.0659,0.996,0.0597,0,-0.091,0.0656,-0.9937,0,0.431,107.8048,1.5341,1]},
{"frame":2,"values":[0.9937,-0.0601,-0.0949,0,0.0659,0.9961,0.0594,0,-0.091,0.0653,-0.9937,0,0.432,107.8062,1.5325,1]},
{"frame":3,"values":[0.9937,-0.0601,-0.0951,0,0.0659,0.9961,0.0591,0,-0.0911,0.065,-0.9937,0,0.4335,107.8086,1.527,1]},
{"frame":4,"values":[0.9936,-0.0601,-0.0953,0,0.0659,0.9961,0.059,0,-0.0914,0.0649,-0.9937,0,0.4358,107.8113,1.5188,1]},
{"frame":5,"values":[0.9936,-0.0601,-0.0956,0,0.0659,0.9961,0.0588,0,-0.0917,0.0648,-0.9937,0,0.4382,107.8146,1.5091,1]},
{"frame":6,"values":[0.9935,-0.0601,-0.0962,0,0.0659,0.9961,0.0588,0,-0.0923,0.0647,-0.9936,0,0.4406,107.8186,1.4989,1]},
{"frame":7,"values":[0.9935,-0.0601,-0.0969,0,0.066,0.9961,0.0586,0,-0.093,0.0647,-0.9936,0,0.4432,107.8224,1.489,1]},
{"frame":8,"values":[0.9934,-0.0601,-0.0977,0,0.066,0.9961,0.0585,0,-0.0938,0.0645,-0.9935,0,0.4459,107.8241,1.4796,1]},
{"frame":9,"values":[0.9933,-0.0602,-0.0984,0,0.0661,0.9961,0.0584,0,-0.0945,0.0645,-0.9934,0,0.4483,107.8236,1.4703,1]},
{"frame":10,"values":[0.9933,-0.0602,-0.0991,0,0.0662,0.9961,0.0583,0,-0.0952,0.0645,-0.9934,0,0.4508,107.8246,1.4604,1]},
{"frame":11,"values":[0.9932,-0.0603,-0.0999,0,0.0664,0.9961,0.0582,0,-0.096,0.0644,-0.9933,0,0.454,107.8291,1.4502,1]},
{"frame":12,"values":[0.9931,-0.0605,-0.1006,0,0.0665,0.9961,0.0579,0,-0.0967,0.0642,-0.9932,0,0.4577,107.8347,1.4404,1]},
{"frame":13,"values":[0.993,-0.0605,-0.1012,0,0.0666,0.9961,0.0575,0,-0.0973,0.0639,-0.9932,0,0.4608,107.837,1.4313,1]},
{"frame":14,"values":[0.993,-0.0606,-0.1018,0,0.0667,0.9961,0.0572,0,-0.0979,0.0636,-0.9932,0,0.4626,107.8363,1.4228,1]},
{"frame":15,"values":[0.9929,-0.0607,-0.1023,0,0.0668,0.9961,0.057,0,-0.0985,0.0634,-0.9931,0,0.4625,107.8351,1.4146,1]},
{"frame":16,"values":[0.9928,-0.0609,-0.1028,0,0.067,0.9961,0.0568,0,-0.0989,0.0633,-0.9931,0,0.4596,107.8345,1.407,1]},
{"frame":17,"values":[0.9928,-0.0611,-0.1032,0,0.0672,0.9961,0.0565,0,-0.0993,0.0631,-0.9931,0,0.4534,107.8336,1.4006,1]},
{"frame":18,"values":[0.9927,-0.0613,-0.1034,0,0.0674,0.9961,0.0562,0,-0.0996,0.0628,-0.9931,0,0.4451,107.8318,1.3946,1]},
{"frame":19,"values":[0.9927,-0.0615,-0.1035,0,0.0675,0.9962,0.0558,0,-0.0997,0.0623,-0.9931,0,0.4364,107.8301,1.3875,1]},
{"frame":20,"values":[0.9927,-0.0617,-0.1035,0,0.0676,0.9962,0.0554,0,-0.0997,0.062,-0.9931,0,0.428,107.8301,1.3789,1]},
{"frame":21,"values":[0.9927,-0.0618,-0.1036,0,0.0678,0.9962,0.0551,0,-0.0998,0.0617,-0.9931,0,0.419,107.8315,1.3697,1]},
{"frame":22,"values":[0.9927,-0.062,-0.1036,0,0.0679,0.9962,0.0548,0,-0.0998,0.0614,-0.9931,0,0.4084,107.8334,1.3598,1]},
{"frame":23,"values":[0.9927,-0.062,-0.1035,0,0.0679,0.9962,0.0543,0,-0.0997,0.061,-0.9931,0,0.3966,107.8345,1.3482,1]},
{"frame":24,"values":[0.9927,-0.0621,-0.1034,0,0.0679,0.9962,0.0538,0,-0.0997,0.0604,-0.9932,0,0.3852,107.8351,1.3338,1]},
{"frame":25,"values":[0.9927,-0.0621,-0.1035,0,0.0679,0.9963,0.0533,0,-0.0998,0.0599,-0.9932,0,0.3751,107.8379,1.3159,1]},
{"frame":26,"values":[0.9927,-0.0621,-0.1037,0,0.0679,0.9963,0.053,0,-0.1,0.0596,-0.9932,0,0.3662,107.8427,1.2944,1]},
{"frame":27,"values":[0.9927,-0.062,-0.1038,0,0.0677,0.9963,0.0528,0,-0.1001,0.0594,-0.9932,0,0.358,107.8477,1.2709,1]},
{"frame":28,"values":[0.9927,-0.0617,-0.1037,0,0.0674,0.9963,0.0527,0,-0.1001,0.0594,-0.9932,0,0.3499,107.8487,1.2478,1]},
{"frame":29,"values":[0.9927,-0.0614,-0.1036,0,0.0671,0.9963,0.0528,0,-0.1,0.0594,-0.9932,0,0.341,107.8463,1.2263,1]},
{"frame":30,"values":[0.9928,-0.0611,-0.1034,0,0.0668,0.9964,0.0531,0,-0.0997,0.0596,-0.9932,0,0.3305,107.8445,1.2044,1]},
{"frame":31,"values":[0.9928,-0.0608,-0.1032,0,0.0666,0.9964,0.0534,0,-0.0995,0.0599,-0.9932,0,0.3175,107.8453,1.179,1]},
{"frame":32,"values":[0.9928,-0.0606,-0.1031,0,0.0664,0.9963,0.0538,0,-0.0995,0.0603,-0.9932,0,0.3022,107.8471,1.1501,1]},
{"frame":33,"values":[0.9928,-0.0603,-0.1032,0,0.0662,0.9963,0.0544,0,-0.0995,0.0608,-0.9932,0,0.2861,107.8476,1.1207,1]},
{"frame":34,"values":[0.9928,-0.0601,-0.1032,0,0.066,0.9963,0.0549,0,-0.0995,0.0613,-0.9932,0,0.2708,107.8469,1.094,1]},
{"frame":35,"values":[0.9929,-0.0599,-0.103,0,0.0659,0.9963,0.0554,0,-0.0993,0.0618,-0.9931,0,0.2566,107.8459,1.071,1]},
{"frame":36,"values":[0.9929,-0.0597,-0.1028,0,0.0657,0.9963,0.0559,0,-0.099,0.0622,-0.9931,0,0.2427,107.8444,1.0519,1]},
{"frame":37,"values":[0.993,-0.0594,-0.1023,0,0.0654,0.9963,0.0565,0,-0.0986,0.0628,-0.9931,0,0.2289,107.8424,1.0365,1]},
{"frame":38,"values":[0.9931,-0.059,-0.1017,0,0.0651,0.9962,0.0571,0,-0.0979,0.0634,-0.9932,0,0.2152,107.8404,1.0238,1]},
{"frame":39,"values":[0.9932,-0.0586,-0.1008,0,0.0646,0.9962,0.0577,0,-0.0971,0.0638,-0.9932,0,0.2022,107.8394,1.0133,1]},
{"frame":40,"values":[0.9933,-0.0581,-0.0998,0,0.0641,0.9962,0.0582,0,-0.0961,0.0643,-0.9933,0,0.1905,107.8393,1.0062,1]},
{"frame":41,"values":[0.9935,-0.0576,-0.0987,0,0.0636,0.9962,0.0587,0,-0.0949,0.0646,-0.9934,0,0.1793,107.838,1.0037,1]},
{"frame":42,"values":[0.9936,-0.0572,-0.0974,0,0.0631,0.9963,0.0591,0,-0.0936,0.0648,-0.9935,0,0.1666,107.8337,1.005,1]},
{"frame":43,"values":[0.9938,-0.0568,-0.096,0,0.0627,0.9963,0.0594,0,-0.0922,0.0651,-0.9936,0,0.1517,107.8272,1.0081,1]},
{"frame":44,"values":[0.9939,-0.0565,-0.0946,0,0.0623,0.9963,0.0598,0,-0.0908,0.0653,-0.9937,0,0.1357,107.8205,1.0124,1]},
{"frame":45,"values":[0.9941,-0.0562,-0.0933,0,0.0619,0.9963,0.0602,0,-0.0896,0.0656,-0.9938,0,0.1189,107.8153,1.0176,1]},
{"frame":46,"values":[0.9942,-0.0558,-0.0922,0,0.0616,0.9963,0.0605,0,-0.0885,0.0658,-0.9939,0,0.1005,107.811,1.0233,1]},
{"frame":47,"values":[0.9943,-0.0556,-0.0913,0,0.0612,0.9963,0.0608,0,-0.0876,0.066,-0.994,0,0.0802,107.8067,1.0276,1]},
{"frame":48,"values":[0.9944,-0.0553,-0.0905,0,0.0609,0.9963,0.061,0,-0.0868,0.0662,-0.994,0,0.059,107.8033,1.0297,1]},
{"frame":49,"values":[0.9944,-0.055,-0.0899,0,0.0607,0.9963,0.0613,0,-0.0862,0.0664,-0.9941,0,0.0364,107.8018,1.0303,1]},
{"frame":50,"values":[0.9945,-0.0548,-0.0895,0,0.0605,0.9963,0.0615,0,-0.0858,0.0666,-0.9941,0,0.0121,107.801,1.0306,1]},
{"frame":51,"values":[0.9945,-0.0547,-0.0892,0,0.0603,0.9963,0.0616,0,-0.0855,0.0666,-0.9941,0,-0.012,107.7998,1.0308,1]},
{"frame":52,"values":[0.9945,-0.0545,-0.0889,0,0.0601,0.9963,0.0616,0,-0.0852,0.0666,-0.9941,0,-0.0334,107.799,1.0297,1]},
{"frame":53,"values":[0.9946,-0.0543,-0.0889,0,0.0599,0.9963,0.0615,0,-0.0852,0.0665,-0.9941,0,-0.0523,107.7989,1.0262,1]},
{"frame":54,"values":[0.9945,-0.0542,-0.0891,0,0.0598,0.9963,0.0615,0,-0.0855,0.0665,-0.9941,0,-0.0693,107.7997,1.0196,1]},
{"frame":55,"values":[0.9945,-0.0539,-0.0895,0,0.0596,0.9963,0.0615,0,-0.0859,0.0665,-0.9941,0,-0.0835,107.8014,1.0103,1]},
{"frame":56,"values":[0.9945,-0.0537,-0.0899,0,0.0594,0.9963,0.0616,0,-0.0863,0.0666,-0.994,0,-0.0947,107.8034,0.9998,1]},
{"frame":57,"values":[0.9945,-0.0535,-0.0903,0,0.0592,0.9963,0.0617,0,-0.0867,0.0667,-0.994,0,-0.1041,107.8052,0.9892,1]},
{"frame":58,"values":[0.9945,-0.0533,-0.0906,0,0.059,0.9963,0.0619,0,-0.087,0.0669,-0.994,0,-0.1123,107.8064,0.9786,1]},
{"frame":59,"values":[0.9944,-0.0531,-0.091,0,0.0589,0.9963,0.0621,0,-0.0874,0.0671,-0.9939,0,-0.1185,107.8067,0.9675,1]},
{"frame":60,"values":[0.9944,-0.0529,-0.0915,0,0.0588,0.9963,0.0623,0,-0.0879,0.0673,-0.9939,0,-0.1227,107.8064,0.9565,1]},
{"frame":61,"values":[0.9944,-0.0528,-0.092,0,0.0587,0.9963,0.0625,0,-0.0884,0.0676,-0.9938,0,-0.1259,107.8056,0.946,1]},
{"frame":62,"values":[0.9943,-0.0527,-0.0925,0,0.0587,0.9963,0.0628,0,-0.0889,0.0679,-0.9937,0,-0.1292,107.8042,0.936,1]},
{"frame":63,"values":[0.9943,-0.0527,-0.093,0,0.0587,0.9963,0.063,0,-0.0893,0.0681,-0.9937,0,-0.1328,107.8021,0.9261,1]},
{"frame":64,"values":[0.9942,-0.0527,-0.0933,0,0.0587,0.9963,0.0633,0,-0.0896,0.0684,-0.9936,0,-0.1358,107.8003,0.9162,1]},
{"frame":65,"values":[0.9942,-0.0527,-0.0937,0,0.0588,0.9962,0.0636,0,-0.0899,0.0688,-0.9936,0,-0.1365,107.7991,0.9078,1]},
{"frame":66,"values":[0.9942,-0.0527,-0.094,0,0.0589,0.9962,0.064,0,-0.0903,0.0691,-0.9935,0,-0.1348,107.7985,0.9008,1]},
{"frame":67,"values":[0.9942,-0.0528,-0.0942,0,0.059,0.9962,0.0644,0,-0.0904,0.0696,-0.9935,0,-0.1325,107.7981,0.8932,1]},
{"frame":68,"values":[0.9942,-0.053,-0.0941,0,0.0592,0.9961,0.0649,0,-0.0903,0.0701,-0.9934,0,-0.1308,107.797,0.8847,1]},
{"frame":69,"values":[0.9942,-0.0531,-0.0939,0,0.0594,0.9961,0.0654,0,-0.0901,0.0705,-0.9934,0,-0.1289,107.7942,0.8774,1]},
{"frame":70,"values":[0.9942,-0.0532,-0.0937,0,0.0595,0.9961,0.0658,0,-0.0898,0.071,-0.9934,0,-0.1265,107.7906,0.8726,1]},
{"frame":71,"values":[0.9942,-0.0534,-0.0934,0,0.0597,0.996,0.0663,0,-0.0895,0.0715,-0.9934,0,-0.1249,107.7867,0.8691,1]},
{"frame":72,"values":[0.9942,-0.0535,-0.0929,0,0.0598,0.996,0.0668,0,-0.089,0.072,-0.9934,0,-0.1259,107.782,0.8646,1]},
{"frame":73,"values":[0.9943,-0.0536,-0.0922,0,0.0599,0.9959,0.0674,0,-0.0882,0.0725,-0.9935,0,-0.1293,107.7756,0.8589,1]},
{"frame":74,"values":[0.9944,-0.0536,-0.0914,0,0.06,0.9959,0.0681,0,-0.0874,0.0732,-0.9935,0,-0.1332,107.7679,0.8539,1]},
{"frame":75,"values":[0.9944,-0.0536,-0.0906,0,0.06,0.9958,0.0688,0,-0.0866,0.0738,-0.9935,0,-0.1377,107.7597,0.8508,1]},
{"frame":76,"values":[0.9945,-0.0536,-0.0898,0,0.06,0.9958,0.0695,0,-0.0856,0.0745,-0.9935,0,-0.145,107.7513,0.8483,1]},
{"frame":77,"values":[0.9946,-0.0536,-0.0888,0,0.06,0.9957,0.0701,0,-0.0847,0.075,-0.9936,0,-0.1565,107.7429,0.8455,1]},
{"frame":78,"values":[0.9947,-0.0536,-0.0878,0,0.0599,0.9957,0.0706,0,-0.0836,0.0755,-0.9936,0,-0.1725,107.7348,0.841,1]},
{"frame":79,"values":[0.9948,-0.0536,-0.0867,0,0.0598,0.9957,0.071,0,-0.0825,0.0758,-0.9937,0,-0.1926,107.7287,0.8338,1]},
{"frame":80,"values":[0.9949,-0.0535,-0.0856,0,0.0597,0.9957,0.0713,0,-0.0814,0.076,-0.9938,0,-0.2144,107.7269,0.8238,1]},
{"frame":81,"values":[0.995,-0.0534,-0.0846,0,0.0596,0.9957,0.0714,0,-0.0805,0.0761,-0.9938,0,-0.2362,107.7275,0.8119,1]},
{"frame":82,"values":[0.995,-0.0534,-0.084,0,0.0595,0.9957,0.0716,0,-0.0798,0.0762,-0.9939,0,-0.2574,107.7282,0.7982,1]},
{"frame":83,"values":[0.9951,-0.0533,-0.0836,0,0.0593,0.9957,0.0718,0,-0.0794,0.0764,-0.9939,0,-0.2775,107.7281,0.7823,1]},
{"frame":84,"values":[0.9951,-0.0531,-0.0834,0,0.0592,0.9956,0.072,0,-0.0792,0.0766,-0.9939,0,-0.2973,107.7276,0.7647,1]},
{"frame":85,"values":[0.9951,-0.0528,-0.0832,0,0.0589,0.9956,0.0723,0,-0.0791,0.0769,-0.9939,0,-0.3193,107.7266,0.7456,1]},
{"frame":86,"values":[0.9952,-0.0526,-0.083,0,0.0587,0.9956,0.0726,0,-0.0788,0.0771,-0.9939,0,-0.3455,107.726,0.7252,1]},
{"frame":87,"values":[0.9952,-0.0525,-0.0828,0,0.0586,0.9956,0.0728,0,-0.0786,0.0773,-0.9939,0,-0.3739,107.7255,0.7038,1]},
{"frame":88,"values":[0.9952,-0.0523,-0.0825,0,0.0584,0.9956,0.073,0,-0.0784,0.0775,-0.9939,0,-0.4002,107.7251,0.6825,1]},
{"frame":89,"values":[0.9952,-0.0521,-0.0825,0,0.0582,0.9956,0.0732,0,-0.0783,0.0776,-0.9939,0,-0.422,107.7259,0.6613,1]},
{"frame":90,"values":[0.9952,-0.0518,-0.0826,0,0.0579,0.9956,0.0734,0,-0.0785,0.0778,-0.9939,0,-0.4407,107.7288,0.639,1]},
{"frame":91,"values":[0.9952,-0.0516,-0.0828,0,0.0577,0.9956,0.0735,0,-0.0787,0.0779,-0.9938,0,-0.458,107.733,0.6164,1]},
{"frame":92,"values":[0.9952,-0.0513,-0.0832,0,0.0575,0.9956,0.0736,0,-0.079,0.0781,-0.9938,0,-0.4727,107.7359,0.597,1]},
{"frame":93,"values":[0.9952,-0.0511,-0.0835,0,0.0573,0.9956,0.0739,0,-0.0794,0.0783,-0.9938,0,-0.4826,107.7363,0.5844,1]},
{"frame":94,"values":[0.9952,-0.0508,-0.0839,0,0.0571,0.9956,0.0743,0,-0.0797,0.0787,-0.9937,0,-0.4887,107.736,0.5781,1]},
{"frame":95,"values":[0.9952,-0.0506,-0.0841,0,0.0569,0.9956,0.0746,0,-0.08,0.0791,-0.9937,0,-0.4923,107.7382,0.5762,1]},
{"frame":96,"values":[0.9952,-0.0504,-0.0843,0,0.0567,0.9956,0.0748,0,-0.0802,0.0792,-0.9936,0,-0.492,107.7438,0.578,1]},
{"frame":97,"values":[0.9952,-0.0501,-0.0845,0,0.0565,0.9956,0.0747,0,-0.0804,0.0792,-0.9936,0,-0.4856,107.7505,0.5834,1]},
{"frame":98,"values":[0.9952,-0.0498,-0.0847,0,0.0562,0.9956,0.0745,0,-0.0807,0.0789,-0.9936,0,-0.4738,107.7556,0.5936,1]},
{"frame":99,"values":[0.9952,-0.0495,-0.0849,0,0.0559,0.9957,0.0741,0,-0.0809,0.0785,-0.9936,0,-0.4595,107.7584,0.6093,1]},
{"frame":100,"values":[0.9952,-0.0493,-0.0851,0,0.0556,0.9957,0.0737,0,-0.0811,0.0781,-0.9936,0,-0.4452,107.7607,0.6287,1]},
{"frame":101,"values":[0.9952,-0.049,-0.0852,0,0.0554,0.9958,0.0734,0,-0.0813,0.0777,-0.9937,0,-0.4313,107.7639,0.6497,1]},
{"frame":102,"values":[0.9952,-0.0488,-0.0854,0,0.0551,0.9958,0.073,0,-0.0814,0.0774,-0.9937,0,-0.417,107.7677,0.6714,1]},
{"frame":103,"values":[0.9951,-0.0486,-0.0856,0,0.0549,0.9958,0.0728,0,-0.0817,0.0771,-0.9937,0,-0.401,107.7715,0.6928,1]},
{"frame":104,"values":[0.9951,-0.0485,-0.0858,0,0.0547,0.9959,0.0725,0,-0.0819,0.0768,-0.9937,0,-0.3832,107.7762,0.7124,1]},
{"frame":105,"values":[0.9951,-0.0483,-0.086,0,0.0546,0.9959,0.0722,0,-0.0821,0.0765,-0.9937,0,-0.3646,107.7821,0.7303,1]},
{"frame":106,"values":[0.9951,-0.0482,-0.0862,0,0.0545,0.9959,0.0718,0,-0.0824,0.0762,-0.9937,0,-0.3466,107.7877,0.7483,1]},
{"frame":107,"values":[0.9951,-0.0482,-0.0866,0,0.0545,0.996,0.0714,0,-0.0828,0.0758,-0.9937,0,-0.33,107.7919,0.7671,1]},
{"frame":108,"values":[0.9951,-0.0482,-0.0869,0,0.0544,0.996,0.0709,0,-0.0831,0.0753,-0.9937,0,-0.3137,107.7965,0.7845,1]},
{"frame":109,"values":[0.995,-0.0481,-0.0872,0,0.0543,0.996,0.0703,0,-0.0835,0.0747,-0.9937,0,-0.2958,107.8035,0.7989,1]},
{"frame":110,"values":[0.995,-0.0481,-0.0876,0,0.0543,0.9961,0.0696,0,-0.0839,0.074,-0.9937,0,-0.276,107.8115,0.8118,1]},
{"frame":111,"values":[0.995,-0.0482,-0.0879,0,0.0543,0.9961,0.069,0,-0.0842,0.0734,-0.9937,0,-0.2559,107.8189,0.8233,1]},
{"frame":112,"values":[0.9949,-0.0482,-0.0882,0,0.0544,0.9962,0.0684,0,-0.0846,0.0729,-0.9937,0,-0.2356,107.8274,0.8297,1]},
{"frame":113,"values":[0.9949,-0.0481,-0.0886,0,0.0543,0.9962,0.0681,0,-0.085,0.0725,-0.9937,0,-0.2137,107.8379,0.8288,1]},
{"frame":114,"values":[0.9949,-0.048,-0.0891,0,0.0541,0.9962,0.0679,0,-0.0855,0.0724,-0.9937,0,-0.1905,107.8478,0.8241,1]},
{"frame":115,"values":[0.9948,-0.0478,-0.0896,0,0.054,0.9962,0.0679,0,-0.086,0.0724,-0.9937,0,-0.1685,107.8546,0.8202,1]},
{"frame":116,"values":[0.9948,-0.0477,-0.09,0,0.0539,0.9962,0.0681,0,-0.0864,0.0726,-0.9936,0,-0.1504,107.8583,0.8178,1]},
{"frame":117,"values":[0.9948,-0.0477,-0.0902,0,0.054,0.9962,0.0683,0,-0.0866,0.0728,-0.9936,0,-0.136,107.8608,0.8143,1]},
{"frame":118,"values":[0.9948,-0.0476,-0.0903,0,0.0539,0.9962,0.0686,0,-0.0867,0.0731,-0.9936,0,-0.1232,107.8634,0.8085,1]},
{"frame":119,"values":[0.9948,-0.0476,-0.0904,0,0.0539,0.9962,0.0688,0,-0.0868,0.0733,-0.9935,0,-0.11,107.8663,0.8013,1]},
{"frame":120,"values":[0.9948,-0.0475,-0.0906,0,0.0538,0.9962,0.069,0,-0.087,0.0736,-0.9935,0,-0.0968,107.8701,0.7941,1]},
{"frame":121,"values":[0.9947,-0.0475,-0.0908,0,0.0539,0.9961,0.0692,0,-0.0872,0.0737,-0.9935,0,-0.085,107.8739,0.7883,1]},
{"frame":122,"values":[0.9947,-0.0475,-0.091,0,0.0539,0.9961,0.0693,0,-0.0873,0.0738,-0.9934,0,-0.0758,107.8759,0.7855,1]},
{"frame":123,"values":[0.9947,-0.0476,-0.0911,0,0.054,0.9961,0.0693,0,-0.0874,0.0738,-0.9934,0,-0.0681,107.8766,0.7857,1]},
{"frame":124,"values":[0.9947,-0.0476,-0.0911,0,0.054,0.9961,0.0692,0,-0.0875,0.0737,-0.9934,0,-0.0604,107.8786,0.7872,1]},
{"frame":125,"values":[0.9947,-0.0477,-0.0912,0,0.0541,0.9961,0.069,0,-0.0875,0.0736,-0.9934,0,-0.0534,107.8821,0.7888,1]},
{"frame":126,"values":[0.9947,-0.0478,-0.0912,0,0.0542,0.9961,0.0689,0,-0.0875,0.0735,-0.9934,0,-0.048,107.8858,0.7902,1]},
{"frame":127,"values":[0.9947,-0.048,-0.0911,0,0.0543,0.9961,0.0688,0,-0.0875,0.0734,-0.9935,0,-0.0443,107.8895,0.7904,1]},
{"frame":128,"values":[0.9947,-0.0481,-0.0911,0,0.0544,0.9962,0.0686,0,-0.0875,0.0732,-0.9935,0,-0.0415,107.893,0.7892,1]},
{"frame":129,"values":[0.9947,-0.0482,-0.0912,0,0.0546,0.9962,0.0684,0,-0.0875,0.073,-0.9935,0,-0.0394,107.8944,0.7877,1]},
{"frame":130,"values":[0.9947,-0.0484,-0.0913,0,0.0547,0.9962,0.0682,0,-0.0876,0.0728,-0.9935,0,-0.0385,107.8921,0.7873,1]},
{"frame":131,"values":[0.9946,-0.0486,-0.0913,0,0.0549,0.9962,0.068,0,-0.0876,0.0727,-0.9935,0,-0.0403,107.887,0.7882,1]},
{"frame":132,"values":[0.9946,-0.0488,-0.0912,0,0.0551,0.9962,0.0679,0,-0.0875,0.0726,-0.9935,0,-0.0454,107.8817,0.789,1]},
{"frame":133,"values":[0.9946,-0.0491,-0.0911,0,0.0554,0.9962,0.0679,0,-0.0874,0.0725,-0.9935,0,-0.053,107.8775,0.7882,1]},
{"frame":134,"values":[0.9946,-0.0493,-0.0909,0,0.0556,0.9961,0.0678,0,-0.0873,0.0725,-0.9935,0,-0.0607,107.874,0.7854,1]},
{"frame":135,"values":[0.9946,-0.0495,-0.0909,0,0.0557,0.9961,0.0678,0,-0.0872,0.0725,-0.9935,0,-0.068,107.8708,0.7807,1]},
{"frame":136,"values":[0.9946,-0.0496,-0.0909,0,0.0559,0.9961,0.0677,0,-0.0872,0.0724,-0.9936,0,-0.0765,107.8667,0.775,1]},
{"frame":137,"values":[0.9946,-0.0498,-0.091,0,0.056,0.9961,0.0675,0,-0.0873,0.0722,-0.9936,0,-0.0875,107.8607,0.7703,1]},
{"frame":138,"values":[0.9946,-0.05,-0.0912,0,0.0562,0.9962,0.0671,0,-0.0875,0.0719,-0.9936,0,-0.1004,107.8546,0.7673,1]},
{"frame":139,"values":[0.9945,-0.0502,-0.0914,0,0.0564,0.9962,0.0667,0,-0.0877,0.0715,-0.9936,0,-0.1128,107.852,0.7644,1]},
{"frame":140,"values":[0.9945,-0.0505,-0.0917,0,0.0566,0.9962,0.0663,0,-0.088,0.0711,-0.9936,0,-0.1238,107.8538,0.7589,1]},
{"frame":141,"values":[0.9945,-0.0507,-0.0921,0,0.0569,0.9962,0.0658,0,-0.0884,0.0707,-0.9936,0,-0.1341,107.8564,0.7504,1]},
{"frame":142,"values":[0.9944,-0.0508,-0.0926,0,0.057,0.9962,0.0654,0,-0.0889,0.0703,-0.9936,0,-0.1437,107.8562,0.741,1]},
{"frame":143,"values":[0.9944,-0.0509,-0.093,0,0.0571,0.9963,0.065,0,-0.0893,0.0699,-0.9935,0,-0.152,107.8534,0.7317,1]},
{"frame":144,"values":[0.9943,-0.051,-0.0934,0,0.0572,0.9963,0.0647,0,-0.0897,0.0696,-0.9935,0,-0.1598,107.8508,0.7218,1]},
{"frame":145,"values":[0.9943,-0.0511,-0.0937,0,0.0572,0.9963,0.0644,0,-0.0901,0.0694,-0.9935,0,-0.1679,107.8494,0.7105,1]},
{"frame":146,"values":[0.9943,-0.0511,-0.094,0,0.0573,0.9963,0.0641,0,-0.0903,0.0691,-0.9935,0,-0.1755,107.8494,0.698,1]},
{"frame":147,"values":[0.9942,-0.0511,-0.0943,0,0.0572,0.9963,0.0638,0,-0.0907,0.0688,-0.9935,0,-0.1818,107.8505,0.6844,1]},
{"frame":148,"values":[0.9942,-0.051,-0.0947,0,0.0571,0.9964,0.0634,0,-0.0911,0.0684,-0.9935,0,-0.1868,107.8522,0.67,1]},
{"frame":149,"values":[0.9942,-0.0509,-0.0951,0,0.057,0.9964,0.063,0,-0.0915,0.0681,-0.9935,0,-0.1909,107.8538,0.6563,1]},
{"frame":150,"values":[0.9941,-0.0508,-0.0954,0,0.0569,0.9964,0.0626,0,-0.0919,0.0677,-0.9935,0,-0.1949,107.8553,0.6447,1]},
{"frame":151,"values":[0.9941,-0.0508,-0.0957,0,0.0569,0.9964,0.0622,0,-0.0922,0.0673,-0.9935,0,-0.1998,107.8568,0.6353,1]},
{"frame":152,"values":[0.9941,-0.0507,-0.0959,0,0.0568,0.9965,0.0617,0,-0.0924,0.0668,-0.9935,0,-0.2055,107.8571,0.6262,1]},
{"frame":153,"values":[0.9941,-0.0507,-0.096,0,0.0567,0.9965,0.0613,0,-0.0926,0.0664,-0.9935,0,-0.2101,107.8568,0.6154,1]},
{"frame":154,"values":[0.9941,-0.0506,-0.0963,0,0.0566,0.9965,0.061,0,-0.0929,0.0661,-0.9935,0,-0.2116,107.8585,0.6022,1]},
{"frame":155,"values":[0.994,-0.0505,-0.0966,0,0.0566,0.9965,0.0608,0,-0.0931,0.0659,-0.9935,0,-0.2106,107.8626,0.5884,1]},
{"frame":156,"values":[0.994,-0.0505,-0.0968,0,0.0565,0.9966,0.0606,0,-0.0934,0.0658,-0.9935,0,-0.2089,107.8658,0.5759,1]},
{"frame":157,"values":[0.994,-0.0504,-0.0971,0,0.0565,0.9966,0.0606,0,-0.0937,0.0658,-0.9934,0,-0.2075,107.8659,0.5645,1]},
{"frame":158,"values":[0.994,-0.0503,-0.0973,0,0.0564,0.9966,0.0608,0,-0.0939,0.0659,-0.9934,0,-0.2066,107.8636,0.5531,1]},
{"frame":159,"values":[0.994,-0.0503,-0.0974,0,0.0564,0.9965,0.061,0,-0.094,0.0662,-0.9934,0,-0.2065,107.8603,0.5425,1]},
{"frame":160,"values":[0.994,-0.0502,-0.0975,0,0.0564,0.9965,0.0614,0,-0.0941,0.0665,-0.9933,0,-0.2072,107.8577,0.5328,1]},
{"frame":161,"values":[0.994,-0.0503,-0.0976,0,0.0565,0.9965,0.0617,0,-0.0941,0.0668,-0.9933,0,-0.2082,107.8574,0.523,1]},
{"frame":162,"values":[0.9939,-0.0505,-0.0976,0,0.0567,0.9965,0.062,0,-0.0941,0.0672,-0.9933,0,-0.2104,107.858,0.5132,1]},
{"frame":163,"values":[0.9939,-0.0507,-0.0976,0,0.0569,0.9964,0.0624,0,-0.0941,0.0675,-0.9933,0,-0.2145,107.856,0.5052,1]},
{"frame":164,"values":[0.9939,-0.0509,-0.0976,0,0.0572,0.9964,0.0627,0,-0.094,0.0679,-0.9933,0,-0.2191,107.85,0.5015,1]},
{"frame":165,"values":[0.9939,-0.0511,-0.0976,0,0.0575,0.9963,0.0632,0,-0.094,0.0684,-0.9932,0,-0.2205,107.842,0.5038,1]},
{"frame":166,"values":[0.9939,-0.0514,-0.0976,0,0.0577,0.9963,0.0636,0,-0.094,0.0688,-0.9932,0,-0.2182,107.8335,0.512,1]},
{"frame":167,"values":[0.9939,-0.0516,-0.0975,0,0.058,0.9963,0.0639,0,-0.0938,0.0692,-0.9932,0,-0.217,107.8238,0.5223,1]},
{"frame":168,"values":[0.9939,-0.0518,-0.0971,0,0.0582,0.9962,0.0642,0,-0.0934,0.0695,-0.9932,0,-0.2205,107.8134,0.5292,1]},
{"frame":169,"values":[0.994,-0.052,-0.0966,0,0.0584,0.9962,0.0646,0,-0.0929,0.0698,-0.9932,0,-0.2253,107.8048,0.5304,1]},
{"frame":170,"values":[0.994,-0.0521,-0.0964,0,0.0586,0.9962,0.0651,0,-0.0926,0.0704,-0.9932,0,-0.2274,107.7982,0.5269,1]},
{"frame":171,"values":[0.994,-0.0522,-0.0963,0,0.0587,0.9961,0.0658,0,-0.0925,0.0711,-0.9932,0,-0.2266,107.7913,0.5206,1]},
{"frame":172,"values":[0.994,-0.0523,-0.0962,0,0.0588,0.996,0.0667,0,-0.0923,0.0719,-0.9931,0,-0.2258,107.7816,0.5138,1]},
{"frame":173,"values":[0.994,-0.0524,-0.0959,0,0.059,0.996,0.0676,0,-0.092,0.0729,-0.9931,0,-0.2278,107.769,0.5081,1]},
{"frame":174,"values":[0.994,-0.0525,-0.0956,0,0.0591,0.9959,0.0686,0,-0.0916,0.0739,-0.9931,0,-0.2338,107.7543,0.5049,1]},
{"frame":175,"values":[0.9941,-0.0526,-0.0951,0,0.0593,0.9958,0.0696,0,-0.091,0.0748,-0.993,0,-0.2443,107.7393,0.5043,1]},
{"frame":176,"values":[0.9941,-0.0528,-0.0946,0,0.0596,0.9957,0.0705,0,-0.0904,0.0757,-0.993,0,-0.2584,107.7276,0.5037,1]},
{"frame":177,"values":[0.9942,-0.0529,-0.094,0,0.0597,0.9957,0.0711,0,-0.0898,0.0763,-0.993,0,-0.2753,107.7213,0.5011,1]},
{"frame":178,"values":[0.9942,-0.053,-0.0934,0,0.0598,0.9957,0.0715,0,-0.0892,0.0766,-0.9931,0,-0.2932,107.7193,0.4983,1]},
{"frame":179,"values":[0.9943,-0.0529,-0.0928,0,0.0597,0.9956,0.0717,0,-0.0886,0.0768,-0.9931,0,-0.3097,107.7187,0.5003,1]},
{"frame":180,"values":[0.9943,-0.0529,-0.0923,0,0.0596,0.9956,0.0717,0,-0.0881,0.0768,-0.9931,0,-0.3234,107.7178,0.5094,1]},
{"frame":181,"values":[0.9944,-0.0529,-0.0919,0,0.0595,0.9956,0.0717,0,-0.0877,0.0768,-0.9932,0,-0.3364,107.7159,0.5222,1]},
{"frame":182,"values":[0.9944,-0.0529,-0.0915,0,0.0595,0.9957,0.0716,0,-0.0873,0.0766,-0.9932,0,-0.3507,107.7134,0.5342,1]},
{"frame":183,"values":[0.9944,-0.0528,-0.0911,0,0.0594,0.9957,0.0715,0,-0.087,0.0765,-0.9933,0,-0.3629,107.7123,0.5451,1]},
{"frame":184,"values":[0.9945,-0.0527,-0.091,0,0.0593,0.9957,0.0714,0,-0.0869,0.0764,-0.9933,0,-0.3695,107.7142,0.5562,1]},
{"frame":185,"values":[0.9945,-0.0524,-0.0911,0,0.059,0.9957,0.0713,0,-0.087,0.0762,-0.9933,0,-0.3716,107.718,0.5685,1]},
{"frame":186,"values":[0.9945,-0.0522,-0.0912,0,0.0588,0.9957,0.0711,0,-0.0871,0.0761,-0.9933,0,-0.3723,107.7212,0.583,1]},
{"frame":187,"values":[0.9945,-0.0521,-0.0912,0,0.0586,0.9958,0.0709,0,-0.0871,0.0759,-0.9933,0,-0.3726,107.7224,0.5995,1]},
{"frame":188,"values":[0.9945,-0.052,-0.0913,0,0.0585,0.9958,0.0707,0,-0.0872,0.0756,-0.9933,0,-0.3714,107.7226,0.6161,1]},
{"frame":189,"values":[0.9945,-0.0519,-0.0914,0,0.0584,0.9958,0.0705,0,-0.0874,0.0755,-0.9933,0,-0.3681,107.7231,0.6319,1]},
{"frame":190,"values":[0.9944,-0.0518,-0.0916,0,0.0584,0.9958,0.0704,0,-0.0876,0.0754,-0.9933,0,-0.3634,107.7246,0.6473,1]},
{"frame":191,"values":[0.9944,-0.0517,-0.0918,0,0.0583,0.9958,0.0703,0,-0.0877,0.0753,-0.9933,0,-0.3585,107.727,0.6629,1]},
{"frame":192,"values":[0.9944,-0.0517,-0.0919,0,0.0582,0.9958,0.0702,0,-0.0879,0.0751,-0.9933,0,-0.3529,107.729,0.679,1]},
{"frame":193,"values":[0.9944,-0.0517,-0.0921,0,0.0582,0.9958,0.07,0,-0.0881,0.075,-0.9933,0,-0.3444,107.7289,0.6977,1]},
{"frame":194,"values":[0.9944,-0.0517,-0.0922,0,0.0583,0.9958,0.0699,0,-0.0882,0.0749,-0.9933,0,-0.332,107.7265,0.7217,1]},
{"frame":195,"values":[0.9944,-0.0519,-0.0922,0,0.0584,0.9958,0.0699,0,-0.0881,0.0749,-0.9933,0,-0.3178,107.7237,0.7514,1]},
{"frame":196,"values":[0.9944,-0.0521,-0.0919,0,0.0586,0.9958,0.0697,0,-0.0879,0.0747,-0.9933,0,-0.3049,107.7224,0.786,1]},
{"frame":197,"values":[0.9944,-0.0523,-0.0916,0,0.0588,0.9959,0.0694,0,-0.0876,0.0744,-0.9934,0,-0.2926,107.722,0.8245,1]},
{"frame":198,"values":[0.9944,-0.0527,-0.0915,0,0.0591,0.9959,0.0691,0,-0.0875,0.0742,-0.9934,0,-0.2767,107.7225,0.8655,1]},
{"frame":199,"values":[0.9944,-0.053,-0.0916,0,0.0594,0.9959,0.0689,0,-0.0876,0.0739,-0.9934,0,-0.2531,107.7254,0.9067,1]},
{"frame":200,"values":[0.9943,-0.0532,-0.092,0,0.0596,0.9959,0.0686,0,-0.088,0.0737,-0.9934,0,-0.2215,107.7309,0.9479,1]},
{"frame":201,"values":[0.9943,-0.0533,-0.0926,0,0.0597,0.9959,0.0683,0,-0.0885,0.0735,-0.9934,0,-0.187,107.7369,0.9894,1]},
{"frame":202,"values":[0.9942,-0.0533,-0.093,0,0.0598,0.9959,0.0681,0,-0.089,0.0733,-0.9933,0,-0.1549,107.7408,1.03,1]},
{"frame":203,"values":[0.9942,-0.0535,-0.0934,0,0.0599,0.9959,0.068,0,-0.0894,0.0732,-0.9933,0,-0.1269,107.7418,1.0685,1]},
{"frame":204,"values":[0.9942,-0.0537,-0.0936,0,0.0601,0.9959,0.0678,0,-0.0896,0.0731,-0.9933,0,-0.1009,107.7411,1.1061,1]},
{"frame":205,"values":[0.9941,-0.0539,-0.0937,0,0.0604,0.9959,0.0675,0,-0.0897,0.0728,-0.9933,0,-0.0761,107.7404,1.1434,1]},
{"frame":206,"values":[0.9941,-0.0541,-0.0939,0,0.0606,0.9959,0.0671,0,-0.0899,0.0724,-0.9933,0,-0.0526,107.7415,1.1793,1]},
{"frame":207,"values":[0.9941,-0.0543,-0.0941,0,0.0607,0.9959,0.0666,0,-0.0901,0.0719,-0.9933,0,-0.0297,107.7454,1.2127,1]},
{"frame":208,"values":[0.994,-0.0545,-0.0943,0,0.0609,0.9959,0.0662,0,-0.0904,0.0715,-0.9933,0,-0.0065,107.7507,1.2443,1]},
{"frame":209,"values":[0.994,-0.0546,-0.0947,0,0.061,0.996,0.0658,0,-0.0907,0.0712,-0.9933,0,0.0174,107.7555,1.2758,1]},
{"frame":210,"values":[0.994,-0.0548,-0.0951,0,0.0612,0.996,0.0655,0,-0.0912,0.071,-0.9933,0,0.0418,107.7596,1.3091,1]},
{"frame":211,"values":[0.9939,-0.055,-0.0956,0,0.0613,0.996,0.0652,0,-0.0916,0.0706,-0.9933,0,0.0664,107.7643,1.3434,1]},
{"frame":212,"values":[0.9939,-0.0552,-0.096,0,0.0615,0.996,0.0646,0,-0.0921,0.0701,-0.9933,0,0.0915,107.7699,1.3768,1]},
{"frame":213,"values":[0.9938,-0.0553,-0.0965,0,0.0617,0.996,0.0639,0,-0.0925,0.0695,-0.9933,0,0.1181,107.7768,1.4077,1]},
{"frame":214,"values":[0.9938,-0.0554,-0.0969,0,0.0617,0.9961,0.0632,0,-0.093,0.0688,-0.9933,0,0.147,107.7863,1.4359,1]},
{"frame":215,"values":[0.9937,-0.0555,-0.0973,0,0.0617,0.9961,0.0626,0,-0.0935,0.0682,-0.9933,0,0.1779,107.7981,1.4611,1]},
{"frame":216,"values":[0.9937,-0.0555,-0.0977,0,0.0617,0.9962,0.062,0,-0.0939,0.0677,-0.9933,0,0.2092,107.8098,1.4841,1]},
{"frame":217,"values":[0.9936,-0.0556,-0.098,0,0.0618,0.9962,0.0616,0,-0.0942,0.0673,-0.9933,0,0.2401,107.819,1.507,1]},
{"frame":218,"values":[0.9936,-0.0557,-0.0983,0,0.0619,0.9962,0.0614,0,-0.0945,0.0671,-0.9933,0,0.2707,107.8245,1.5308,1]},
{"frame":219,"values":[0.9936,-0.0558,-0.0985,0,0.062,0.9962,0.0613,0,-0.0947,0.067,-0.9932,0,0.3008,107.8271,1.5548,1]},
{"frame":220,"values":[0.9936,-0.0559,-0.0986,0,0.0621,0.9962,0.0613,0,-0.0948,0.067,-0.9932,0,0.3296,107.8279,1.5772,1]},
{"frame":221,"values":[0.9935,-0.056,-0.0986,0,0.0622,0.9962,0.0614,0,-0.0948,0.0672,-0.9932,0,0.3557,107.8279,1.5965,1]},
{"frame":222,"values":[0.9935,-0.0561,-0.0985,0,0.0624,0.9961,0.0617,0,-0.0947,0.0674,-0.9932,0,0.3783,107.828,1.6115,1]},
{"frame":223,"values":[0.9936,-0.0563,-0.0983,0,0.0626,0.9961,0.062,0,-0.0945,0.0678,-0.9932,0,0.3986,107.8283,1.6228,1]},
{"frame":224,"values":[0.9936,-0.0565,-0.098,0,0.0628,0.9961,0.0623,0,-0.0941,0.0681,-0.9932,0,0.4189,107.8287,1.6328,1]},
{"frame":225,"values":[0.9936,-0.0567,-0.0977,0,0.063,0.996,0.0627,0,-0.0937,0.0684,-0.9932,0,0.4401,107.8299,1.6428,1]},
{"frame":226,"values":[0.9936,-0.0568,-0.0974,0,0.0632,0.996,0.063,0,-0.0934,0.0688,-0.9933,0,0.4617,107.8313,1.6525,1]},
{"frame":227,"values":[0.9936,-0.0569,-0.0973,0,0.0633,0.996,0.0635,0,-0.0933,0.0692,-0.9932,0,0.4836,107.8312,1.6622,1]},
{"frame":228,"values":[0.9936,-0.0569,-0.0973,0,0.0633,0.9959,0.0639,0,-0.0933,0.0697,-0.9932,0,0.5064,107.8282,1.6728,1]},
{"frame":229,"values":[0.9936,-0.0569,-0.0973,0,0.0633,0.9959,0.0645,0,-0.0932,0.0702,-0.9932,0,0.5295,107.8234,1.6843,1]},
{"frame":230,"values":[0.9936,-0.0568,-0.0971,0,0.0633,0.9959,0.065,0,-0.093,0.0707,-0.9931,0,0.5513,107.8179,1.6962,1]},
{"frame":231,"values":[0.9937,-0.0569,-0.0968,0,0.0634,0.9958,0.0655,0,-0.0926,0.0712,-0.9932,0,0.5698,107.8127,1.708,1]},
{"frame":232,"values":[0.9937,-0.057,-0.0963,0,0.0635,0.9958,0.0658,0,-0.0922,0.0716,-0.9932,0,0.5847,107.809,1.7194,1]},
{"frame":233,"values":[0.9937,-0.0572,-0.096,0,0.0636,0.9958,0.0661,0,-0.0918,0.0718,-0.9932,0,0.5973,107.8073,1.7301,1]},
{"frame":234,"values":[0.9938,-0.0573,-0.0956,0,0.0638,0.9958,0.0661,0,-0.0914,0.0717,-0.9932,0,0.6082,107.8068,1.74,1]},
{"frame":235,"values":[0.9938,-0.0574,-0.0953,0,0.0638,0.9958,0.0658,0,-0.0911,0.0715,-0.9933,0,0.6167,107.8069,1.75,1]},
{"frame":236,"values":[0.9938,-0.0576,-0.095,0,0.064,0.9958,0.0653,0,-0.0908,0.071,-0.9933,0,0.6222,107.8075,1.7613,1]},
{"frame":237,"values":[0.9938,-0.0578,-0.0947,0,0.0641,0.9958,0.0647,0,-0.0905,0.0704,-0.9934,0,0.6255,107.8083,1.7729,1]},
{"frame":238,"values":[0.9938,-0.0581,-0.0944,0,0.0643,0.9959,0.0641,0,-0.0903,0.0697,-0.9935,0,0.6273,107.8086,1.782,1]},
{"frame":239,"values":[0.9938,-0.0584,-0.0942,0,0.0645,0.9959,0.0634,0,-0.0901,0.0691,-0.9935,0,0.6274,107.8083,1.7864,1]},
{"frame":240,"values":[0.9939,-0.0586,-0.0939,0,0.0647,0.9959,0.0629,0,-0.0898,0.0686,-0.9936,0,0.6246,107.8085,1.7866,1]},
{"frame":241,"values":[0.9939,-0.0589,-0.0937,0,0.0649,0.9959,0.0625,0,-0.0896,0.0682,-0.9936,0,0.6176,107.8091,1.7828,1]},
{"frame":242,"values":[0.9939,-0.0591,-0.0935,0,0.0651,0.9959,0.0623,0,-0.0894,0.068,-0.9937,0,0.6069,107.8089,1.7736,1]},
{"frame":243,"values":[0.9939,-0.0593,-0.0934,0,0.0652,0.9959,0.0621,0,-0.0893,0.0678,-0.9937,0,0.5946,107.8075,1.7579,1]},
{"frame":244,"values":[0.9939,-0.0593,-0.0934,0,0.0653,0.9959,0.0619,0,-0.0894,0.0676,-0.9937,0,0.5823,107.807,1.7368,1]},
{"frame":245,"values":[0.9938,-0.0594,-0.0936,0,0.0653,0.996,0.0616,0,-0.0895,0.0673,-0.9937,0,0.5692,107.8084,1.7131,1]},
{"frame":246,"values":[0.9938,-0.0594,-0.0938,0,0.0653,0.996,0.0613,0,-0.0898,0.067,-0.9937,0,0.5535,107.81,1.6882,1]},
{"frame":247,"values":[0.9938,-0.0595,-0.094,0,0.0654,0.996,0.061,0,-0.09,0.0668,-0.9937,0,0.5341,107.8101,1.661,1]},
{"frame":248,"values":[0.9938,-0.0596,-0.0942,0,0.0655,0.996,0.0608,0,-0.0902,0.0666,-0.9937,0,0.5107,107.8092,1.6305,1]},
{"frame":249,"values":[0.9937,-0.0598,-0.0944,0,0.0656,0.996,0.0605,0,-0.0904,0.0663,-0.9937,0,0.484,107.8078,1.5981,1]},
{"frame":250,"values":[0.9937,-0.0599,-0.0946,0,0.0658,0.996,0.0602,0,-0.0906,0.066,-0.9937,0,0.4564,107.8061,1.5657,1]},
{"frame":251,"values":[0.9937,-0.06,-0.095,0,0.0659,0.996,0.0597,0,-0.091,0.0656,-0.9937,0,0.431,107.8048,1.5341,1]},
{"frame":261,"values":[0.7837,0.0582,0.6184,0,-0.0779,0.997,0.0049,0,0.6162,0.052,-0.7859,0,-1.2318,106.2281,1.401,1]},
{"frame":262,"values":[0.8006,0.0565,0.5965,0,-0.0739,0.9973,0.0046,0,0.5946,0.0478,-0.8026,0,-1.2751,106.4889,1.4577,1]},
{"frame":263,"values":[0.8193,0.0531,0.5709,0,-0.0666,0.9978,0.0028,0,0.5695,0.0403,-0.821,0,-1.2602,106.5553,1.5435,1]},
{"frame":264,"values":[0.8385,0.0488,0.5428,0,-0.0578,0.9983,-0.0006,0,0.5419,0.0309,-0.8399,0,-1.2049,106.661,1.6052,1]},
{"frame":265,"values":[0.8566,0.0439,0.5141,0,-0.0484,0.9988,-0.0048,0,0.5137,0.0208,-0.8577,0,-1.0788,106.7532,1.607,1]},
{"frame":266,"values":[0.8726,0.0367,0.4871,0,-0.0374,0.9993,-0.0083,0,0.4871,0.0109,-0.8733,0,-0.7864,106.7382,1.5569,1]},
{"frame":267,"values":[0.8855,0.0279,0.4638,0,-0.0261,0.9996,-0.0103,0,0.4639,0.003,-0.8859,0,-0.2439,106.5409,1.5746,1]},
{"frame":268,"values":[0.8951,0.0217,0.4454,0,-0.019,0.9998,-0.0103,0,0.4455,-0.0008,-0.8953,0,0.5307,106.2949,1.7409,1]},
{"frame":269,"values":[0.9025,0.0235,0.4301,0,-0.0215,0.9997,-0.0095,0,0.4302,0.0007,-0.9027,0,1.4551,106.1236,2.0051,1]},
{"frame":270,"values":[0.9101,0.0347,0.413,0,-0.0341,0.9994,-0.0088,0,0.413,0.006,-0.9107,0,2.4891,105.9389,2.3321,1]},
{"frame":271,"values":[0.9189,0.054,0.3909,0,-0.0546,0.9985,-0.0095,0,0.3908,0.0126,-0.9204,0,3.5785,105.7427,2.74,1]},
{"frame":272,"values":[0.9274,0.074,0.3666,0,-0.0758,0.9971,-0.0094,0,0.3662,0.0191,-0.9303,0,4.727,105.536,3.1867,1]},
{"frame":273,"values":[0.9332,0.0892,0.3481,0,-0.0928,0.9957,-0.0063,0,0.3471,0.0264,-0.9375,0,5.8427,105.4239,3.5899,1]},
{"frame":274,"values":[0.9347,0.0977,0.3418,0,-0.104,0.9946,0,0,0.3399,0.0356,-0.9398,0,6.7674,105.3652,3.9437,1]},
{"frame":275,"values":[0.932,0.0998,0.3484,0,-0.1095,0.9939,0.0084,0,0.3455,0.046,-0.9373,0,7.396,105.2855,4.2733,1]},
{"frame":276,"values":[0.9267,0.0958,0.3634,0,-0.1099,0.9938,0.0181,0,0.3594,0.0568,-0.9315,0,7.7583,105.2467,4.5454,1]},
{"frame":277,"values":[0.9203,0.0875,0.3813,0,-0.1067,0.9939,0.0295,0,0.3764,0.0678,-0.924,0,7.9356,105.3396,4.7261,1]},
{"frame":278,"values":[0.9138,0.0771,0.3987,0,-0.1019,0.9939,0.0415,0,0.3931,0.0785,-0.9161,0,7.9206,105.4183,4.8072,1]},
{"frame":279,"values":[0.9076,0.0676,0.4143,0,-0.0977,0.9939,0.0517,0,0.4082,0.0874,-0.9087,0,7.7517,105.4272,4.8573,1]},
{"frame":280,"values":[0.9015,0.0608,0.4285,0,-0.0948,0.9938,0.0583,0,0.4223,0.0932,-0.9016,0,7.466,105.4151,4.9077,1]},
{"frame":281,"values":[0.8945,0.0567,0.4434,0,-0.0934,0.9937,0.0613,0,0.4372,0.0963,-0.8942,0,7.0717,105.3776,4.9163,1]},
{"frame":282,"values":[0.8857,0.0546,0.4611,0,-0.0933,0.9937,0.0616,0,0.4548,0.0976,-0.8852,0,6.6026,105.2953,4.8952,1]},
{"frame":283,"values":[0.8742,0.0542,0.4825,0,-0.0946,0.9937,0.0597,0,0.4763,0.0978,-0.8738,0,6.0983,105.173,4.8517,1]},
{"frame":284,"values":[0.8601,0.0557,0.507,0,-0.097,0.9937,0.0553,0,0.5008,0.0968,-0.8601,0,5.6201,104.9993,4.7524,1]},
{"frame":285,"values":[0.8448,0.0591,0.5318,0,-0.1,0.9938,0.0483,0,0.5257,0.094,-0.8455,0,5.2256,104.7424,4.6253,1]},
{"frame":286,"values":[0.83,0.0634,0.5541,0,-0.1017,0.9941,0.0386,0,0.5483,0.0884,-0.8316,0,4.8872,104.4418,4.5287,1]},
{"frame":287,"values":[0.8174,0.068,0.5721,0,-0.1011,0.9945,0.0262,0,0.5672,0.0793,-0.8198,0,4.5589,104.1497,4.4647,1]},
{"frame":288,"values":[0.8073,0.0733,0.5856,0,-0.0982,0.9951,0.0108,0,0.582,0.0662,-0.8105,0,4.2727,103.8283,4.4158,1]},
{"frame":289,"values":[0.799,0.0801,0.596,0,-0.0941,0.9955,-0.0077,0,0.5939,0.05,-0.803,0,4.0142,103.4332,4.375,1]},
{"frame":290,"values":[0.7909,0.0862,0.6059,0,-0.0884,0.9957,-0.0263,0,0.6055,0.0327,-0.7951,0,3.6566,103.0511,4.3674,1]},
{"frame":291,"values":[0.7819,0.0868,0.6173,0,-0.0792,0.9961,-0.0397,0,0.6183,0.0178,-0.7857,0,3.257,102.7775,4.3666,1]},
{"frame":292,"values":[0.7731,0.0789,0.6294,0,-0.066,0.9969,-0.0439,0,0.6309,0.0076,-0.7758,0,2.9587,102.664,4.3008,1]},
{"frame":293,"values":[0.7663,0.0644,0.6392,0,-0.0509,0.9979,-0.0396,0,0.6404,0.0022,-0.768,0,2.7078,102.6811,4.1492,1]},
{"frame":294,"values":[0.7617,0.0501,0.646,0,-0.038,0.9987,-0.0326,0,0.6468,-0.0002,-0.7627,0,2.4842,102.8005,3.96,1]},
{"frame":295,"values":[0.7572,0.0407,0.6519,0,-0.03,0.9992,-0.0275,0,0.6525,-0.0013,-0.7578,0,2.3698,102.9894,3.721,1]},
{"frame":296,"values":[0.752,0.0366,0.6582,0,-0.0272,0.9993,-0.0244,0,0.6586,-0.0005,-0.7525,0,2.3404,103.2888,3.4008,1]},
{"frame":297,"values":[0.7473,0.0355,0.6635,0,-0.0292,0.9994,-0.0206,0,0.6638,0.004,-0.7479,0,2.2512,103.6754,3.0806,1]},
{"frame":298,"values":[0.7436,0.0365,0.6677,0,-0.0355,0.9993,-0.0151,0,0.6677,0.0124,-0.7443,0,2.0443,104.0728,2.7974,1]},
{"frame":299,"values":[0.7397,0.0395,0.6717,0,-0.0444,0.999,-0.0099,0,0.6714,0.0226,-0.7407,0,1.6882,104.4117,2.4714,1]},
{"frame":300,"values":[0.7366,0.0433,0.6749,0,-0.0533,0.9986,-0.0059,0,0.6742,0.0316,-0.7379,0,1.211,104.6808,2.1027,1]},
{"frame":301,"values":[0.7376,0.0458,0.6737,0,-0.0599,0.9982,-0.0022,0,0.6726,0.0388,-0.739,0,0.708,105.0229,1.7713,1]},
{"frame":302,"values":[0.7444,0.0491,0.6659,0,-0.0663,0.9978,0.0006,0,0.6644,0.0446,-0.746,0,0.1414,105.3549,1.5182,1]},
{"frame":303,"values":[0.7555,0.0529,0.653,0,-0.0724,0.9974,0.003,0,0.6511,0.0495,-0.7574,0,-0.4937,105.6564,1.3764,1]},
{"frame":304,"values":[0.7688,0.0567,0.6369,0,-0.0771,0.997,0.0043,0,0.6348,0.0524,-0.7709,0,-1.0988,105.9568,1.3481,1]},
{"frame":305,"values":[0.7837,0.0582,0.6184,0,-0.0779,0.997,0.0049,0,0.6162,0.052,-0.7859,0,-1.2318,106.3094,1.401,1]},
{"frame":311,"values":[0.8733,-0.0616,-0.4832,0,0.1015,0.9932,0.0568,0,-0.4764,0.0987,-0.8737,0,1.0161,104.9133,1.055,1]},
{"frame":312,"values":[0.8592,-0.063,-0.5078,0,0.1038,0.9932,0.0524,0,-0.501,0.0977,-0.8599,0,1.4677,104.7366,0.9593,1]},
{"frame":313,"values":[0.8438,-0.0661,-0.5326,0,0.1064,0.9933,0.0453,0,-0.526,0.0949,-0.8452,0,1.8388,104.4818,0.8402,1]},
{"frame":314,"values":[0.829,-0.0701,-0.5548,0,0.1079,0.9935,0.0357,0,-0.5487,0.0894,-0.8312,0,2.159,104.1884,0.7545,1]},
{"frame":315,"values":[0.8163,-0.0742,-0.5728,0,0.1068,0.994,0.0234,0,-0.5676,0.0803,-0.8194,0,2.4748,103.9076,0.7026,1]},
{"frame":316,"values":[0.8062,-0.0791,-0.5863,0,0.1035,0.9946,0.0081,0,-0.5825,0.0672,-0.81,0,2.7541,103.5995,0.6646,1]},
{"frame":317,"values":[0.7979,-0.0855,-0.5967,0,0.099,0.995,-0.0102,0,-0.5946,0.051,-0.8024,0,3.0103,103.2182,0.6326,1]},
{"frame":318,"values":[0.7898,-0.0914,-0.6065,0,0.0931,0.9952,-0.0287,0,-0.6062,0.0338,-0.7946,0,3.3702,102.8502,0.6313,1]},
{"frame":319,"values":[0.7809,-0.0917,-0.6179,0,0.0836,0.9956,-0.0421,0,-0.619,0.0188,-0.7851,0,3.7758,102.5897,0.6352,1]},
{"frame":320,"values":[0.7721,-0.0836,-0.6299,0,0.0702,0.9965,-0.0462,0,-0.6316,0.0085,-0.7753,0,4.082,102.4831,0.5725,1]},
{"frame":321,"values":[0.7655,-0.069,-0.6397,0,0.0549,0.9976,-0.042,0,-0.6411,0.003,-0.7675,0,4.3342,102.509,0.4219,1]},
{"frame":322,"values":[0.761,-0.0548,-0.6464,0,0.042,0.9985,-0.0352,0,-0.6474,0.0004,-0.7621,0,4.5565,102.6342,0.2328,1]},
{"frame":323,"values":[0.7566,-0.0453,-0.6523,0,0.0338,0.999,-0.0302,0,-0.653,-0.0008,-0.7573,0,4.6711,102.8276,-0.0054,1]},
{"frame":324,"values":[0.7514,-0.041,-0.6585,0,0.0308,0.9992,-0.0271,0,-0.6591,-0.0001,-0.7521,0,4.7022,103.1361,-0.3235,1]},
{"frame":325,"values":[0.7469,-0.0397,-0.6638,0,0.0325,0.9992,-0.0232,0,-0.6642,0.0043,-0.7475,0,4.7919,103.5431,-0.641,1]},
{"frame":326,"values":[0.7432,-0.0407,-0.6678,0,0.0387,0.9991,-0.0177,0,-0.6679,0.0127,-0.7441,0,4.9942,103.9667,-0.923,1]},
{"frame":327,"values":[0.7394,-0.0443,-0.6718,0,0.0482,0.9988,-0.0128,0,-0.6716,0.0229,-0.7406,0,5.3392,104.3219,-1.2512,1]},
{"frame":328,"values":[0.7363,-0.0487,-0.6749,0,0.0577,0.9983,-0.0092,0,-0.6742,0.0321,-0.7378,0,5.8062,104.6146,-1.6232,1]},
{"frame":329,"values":[0.7373,-0.0515,-0.6736,0,0.0645,0.9979,-0.0057,0,-0.6725,0.0392,-0.7391,0,6.3073,104.9901,-1.9591,1]},
{"frame":330,"values":[0.7443,-0.0544,-0.6656,0,0.0704,0.9975,-0.0028,0,-0.6641,0.0448,-0.7463,0,6.8819,105.3766,-2.2178,1]},
{"frame":331,"values":[0.7556,-0.0589,-0.6524,0,0.0768,0.997,-0.0011,0,-0.6505,0.0493,-0.7579,0,7.5261,105.7493,-2.3742,1]},
{"frame":332,"values":[0.7689,-0.0628,-0.6363,0,0.0815,0.9967,0.0002,0,-0.6342,0.052,-0.7714,0,8.1541,106.0774,-2.4122,1]},
{"frame":333,"values":[0.7837,-0.0643,-0.6178,0,0.0824,0.9966,0.0008,0,-0.6156,0.0516,-0.7864,0,8.3151,106.4395,-2.3659,1]},
{"frame":334,"values":[0.8006,-0.0629,-0.5959,0,0.0787,0.9969,0.0006,0,-0.5941,0.0474,-0.803,0,8.3919,106.6914,-2.3133,1]},
